EAT8a1/grid.asc
ncols         421
nrows         499
xllcorner     129089.36260808306
yllcorner     7902328.135039285
dx            5.010766212006775
dy            5.0003577859844555
[rows 324 to 350 of 499, columns 124 to 185 of 421]
0.0 0.0 0.0 0.0 0.0 0.0 0.0 0.0 0.0 0.0 0.0 0.0 0.0 0.0 0.0 0.0 0.0 0.0 0.0 0.0 0.0 1.6211436029587802 1.6211436029587802 1.6211436029587802 1.6211436029587802 1.6211436029587802 1.6211436029587802 1.6058627456520935 1.6058627456520935 1.6058627456520935 1.6058627456520935 1.6058627456520935 1.6058627456520935 1.6058627456520935 1.61133600909091 1.61133600909091 1.61133600909091 1.61133600909091 1.61133600909091 1.61133600909091 1.6140570423563656 1.6140570423563656 1.6140570423563656 1.6140570423563656 1.6140570423563656 1.6140570423563656 1.6140570423563656 1.5971804598816355 1.5971804598816355 1.5971804598816355 1.5971804598816355 1.5971804598816355 1.5971804598816355 1.5971804598816355 1.6209656813574678 1.6209656813574678 1.6209656813574678 1.6209656813574678 1.6209656813574678 1.6209656813574678 1.6138710414870145 1.6138710414870145
0.0 0.0 0.0 0.0 0.0 0.0 0.0 0.0 0.0 0.0 0.0 0.0 0.0 0.0 0.0 0.0 0.0 0.0 0.0 0.0 0.0 1.6211436029587802 1.6211436029587802 1.6211436029587802 1.6211436029587802 1.6211436029587802 1.6211436029587802 1.6058627456520935 1.6058627456520935 1.6058627456520935 1.6058627456520935 1.6058627456520935 1.6058627456520935 1.6058627456520935 1.61133600909091 1.61133600909091 1.61133600909091 1.61133600909091 1.61133600909091 1.61133600909091 1.6140570423563656 1.6140570423563656 1.6140570423563656 1.6140570423563656 1.6140570423563656 1.6140570423563656 1.6140570423563656 1.5971804598816355 1.5971804598816355 1.5971804598816355 1.5971804598816355 1.5971804598816355 1.5971804598816355 1.5971804598816355 1.6209656813574678 1.6209656813574678 1.6209656813574678 1.6209656813574678 1.6209656813574678 1.6209656813574678 1.6138710414870145 1.6138710414870145
0.0 0.0 0.0 0.0 0.0 0.0 0.0 0.0 0.0 0.0 0.0 0.0 0.0 0.0 0.0 0.0 0.0 0.0 0.0 0.0 0.0 1.6211436029587802 1.6211436029587802 1.6211436029587802 1.6211436029587802 1.6211436029587802 1.6211436029587802 1.6058627456520935 1.6058627456520935 1.6058627456520935 1.6058627456520935 1.6058627456520935 1.6058627456520935 1.6058627456520935 1.61133600909091 1.61133600909091 1.61133600909091 1.61133600909091 1.61133600909091 1.61133600909091 1.6140570423563656 1.6140570423563656 1.6140570423563656 1.6140570423563656 1.6140570423563656 1.6140570423563656 1.6140570423563656 1.5971804598816355 1.5971804598816355 1.5971804598816355 1.5971804598816355 1.5971804598816355 1.5971804598816355 1.5971804598816355 1.6209656813574678 1.6209656813574678 1.6209656813574678 1.6209656813574678 1.6209656813574678 1.6209656813574678 1.6138710414870145 1.6138710414870145
0.0 0.0 0.0 0.0 0.0 0.0 0.0 0.0 0.0 0.0 0.0 0.0 0.0 0.0 0.0 0.0 0.0 0.0 0.0 0.0 0.0 1.6211436029587802 1.6211436029587802 1.6211436029587802 1.6211436029587802 1.6211436029587802 1.6211436029587802 1.6058627456520935 1.6058627456520935 1.6058627456520935 1.6058627456520935 1.6058627456520935 1.6058627456520935 1.6058627456520935 1.61133600909091 1.61133600909091 1.61133600909091 1.61133600909091 1.61133600909091 1.61133600909091 1.6140570423563656 1.6140570423563656 1.6140570423563656 1.6140570423563656 1.6140570423563656 1.6140570423563656 1.6140570423563656 1.5971804598816355 1.5971804598816355 1.5971804598816355 1.5971804598816355 1.5971804598816355 1.5971804598816355 1.5971804598816355 1.6209656813574678 1.6209656813574678 1.6209656813574678 1.6209656813574678 1.6209656813574678 1.6209656813574678 1.6138710414870145 1.6138710414870145
0.0 0.0 0.0 0.0 0.0 0.0 0.0 0.0 0.0 0.0 0.0 0.0 0.0 0.0 0.0 0.0 0.0 0.0 0.0 0.0 0.0 1.6211436029587802 1.6211436029587802 1.6211436029587802 1.6211436029587802 1.6211436029587802 1.6211436029587802 1.6058627456520935 1.6058627456520935 1.6058627456520935 1.6058627456520935 1.6058627456520935 1.6058627456520935 1.6058627456520935 1.61133600909091 1.61133600909091 1.61133600909091 1.61133600909091 1.61133600909091 1.61133600909091 1.6140570423563656 1.6140570423563656 1.6140570423563656 1.6140570423563656 1.6140570423563656 1.6140570423563656 1.6140570423563656 1.5971804598816355 1.5971804598816355 1.5971804598816355 1.5971804598816355 1.5971804598816355 1.5971804598816355 1.5971804598816355 1.6209656813574678 1.6209656813574678 1.6209656813574678 1.6209656813574678 1.6209656813574678 1.6209656813574678 1.6138710414870145 1.6138710414870145
0.0 0.0 0.0 0.0 0.0 0.0 0.0 0.0 0.0 0.0 0.0 0.0 0.0 0.0 0.0 0.0 0.0 0.0 0.0 0.0 0.0 1.6211436029587802 1.6211436029587802 1.6211436029587802 1.6211436029587802 1.6211436029587802 1.6211436029587802 1.6058627456520935 1.6058627456520935 1.6058627456520935 1.6058627456520935 1.6058627456520935 1.6058627456520935 1.6058627456520935 1.61133600909091 1.61133600909091 1.61133600909091 1.61133600909091 1.61133600909091 1.61133600909091 1.6140570423563656 1.6140570423563656 1.6140570423563656 1.6140570423563656 1.6140570423563656 1.6140570423563656 1.6140570423563656 1.5971804598816355 1.5971804598816355 1.5971804598816355 1.5971804598816355 1.5971804598816355 1.5971804598816355 1.5971804598816355 1.6209656813574678 1.6209656813574678 1.6209656813574678 1.6209656813574678 1.6209656813574678 1.6209656813574678 1.6138710414870145 1.6138710414870145
0.0 0.0 0.0 0.0 0.0 0.0 0.0 0.0 0.0 0.0 0.0 0.0 0.0 0.0 0.0 0.0 0.0 0.0 0.0 0.0 0.0 1.596998336239654 1.596998336239654 1.596998336239654 1.596998336239654 1.596998336239654 1.596998336239654 1.601722725132783 1.601722725132783 1.601722725132783 1.601722725132783 1.601722725132783 1.601722725132783 1.601722725132783 1.5967498875468726 1.5967498875468726 1.5967498875468726 1.5967498875468726 1.5967498875468726 1.5967498875468726 1.591740088406958 1.591740088406958 1.591740088406958 1.591740088406958 1.591740088406958 1.591740088406958 1.591740088406958 1.6210066878591487 1.6210066878591487 1.6210066878591487 1.6210066878591487 1.6210066878591487 1.6210066878591487 1.6210066878591487 1.6078494120965234 1.6078494120965234 1.6078494120965234 1.6078494120965234 1.6078494120965234 1.6078494120965234 1.620933242959633 1.620933242959633
0.0 0.0 0.0 0.0 0.0 0.0 0.0 0.0 0.0 0.0 0.0 0.0 0.0 0.0 0.0 0.0 0.0 0.0 0.0 0.0 0.0 1.596998336239654 1.596998336239654 1.596998336239654 1.596998336239654 1.596998336239654 1.596998336239654 1.601722725132783 1.601722725132783 1.601722725132783 1.601722725132783 1.601722725132783 1.601722725132783 1.601722725132783 1.5967498875468726 1.5967498875468726 1.5967498875468726 1.5967498875468726 1.5967498875468726 1.5967498875468726 1.591740088406958 1.591740088406958 1.591740088406958 1.591740088406958 1.591740088406958 1.591740088406958 1.591740088406958 1.6210066878591487 1.6210066878591487 1.6210066878591487 1.6210066878591487 1.6210066878591487 1.6210066878591487 1.6210066878591487 1.6078494120965234 1.6078494120965234 1.6078494120965234 1.6078494120965234 1.6078494120965234 1.6078494120965234 1.620933242959633 1.620933242959633
0.0 0.0 0.0 0.0 0.0 0.0 0.0 0.0 0.0 0.0 0.0 0.0 0.0 0.0 0.0 0.0 0.0 0.0 0.0 0.0 0.0 1.596998336239654 1.596998336239654 1.596998336239654 1.596998336239654 1.596998336239654 1.596998336239654 1.601722725132783 1.601722725132783 1.601722725132783 1.601722725132783 1.601722725132783 1.601722725132783 1.601722725132783 1.5967498875468726 1.5967498875468726 1.5967498875468726 1.5967498875468726 1.5967498875468726 1.5967498875468726 1.591740088406958 1.591740088406958 1.591740088406958 1.591740088406958 1.591740088406958 1.591740088406958 1.591740088406958 1.6210066878591487 1.6210066878591487 1.6210066878591487 1.6210066878591487 1.6210066878591487 1.6210066878591487 1.6210066878591487 1.6078494120965234 1.6078494120965234 1.6078494120965234 1.6078494120965234 1.6078494120965234 1.6078494120965234 1.620933242959633 1.620933242959633
0.0 0.0 0.0 0.0 0.0 0.0 0.0 0.0 0.0 0.0 0.0 0.0 0.0 0.0 0.0 0.0 0.0 0.0 0.0 0.0 0.0 1.596998336239654 1.596998336239654 1.596998336239654 1.596998336239654 1.596998336239654 1.596998336239654 1.601722725132783 1.601722725132783 1.601722725132783 1.601722725132783 1.601722725132783 1.601722725132783 1.601722725132783 1.5967498875468726 1.5967498875468726 1.5967498875468726 1.5967498875468726 1.5967498875468726 1.5967498875468726 1.591740088406958 1.591740088406958 1.591740088406958 1.591740088406958 1.591740088406958 1.591740088406958 1.591740088406958 1.6210066878591487 1.6210066878591487 1.6210066878591487 1.6210066878591487 1.6210066878591487 1.6210066878591487 1.6210066878591487 1.6078494120965234 1.6078494120965234 1.6078494120965234 1.6078494120965234 1.6078494120965234 1.6078494120965234 1.620933242959633 1.620933242959633
0.0 0.0 0.0 0.0 0.0 0.0 0.0 0.0 0.0 0.0 0.0 0.0 0.0 0.0 0.0 0.0 0.0 0.0 0.0 0.0 0.0 1.596998336239654 1.596998336239654 1.596998336239654 1.596998336239654 1.596998336239654 1.596998336239654 1.601722725132783 1.601722725132783 1.601722725132783 1.601722725132783 1.601722725132783 1.601722725132783 1.601722725132783 1.5967498875468726 1.5967498875468726 1.5967498875468726 1.5967498875468726 1.5967498875468726 1.5967498875468726 1.591740088406958 1.591740088406958 1.591740088406958 1.591740088406958 1.591740088406958 1.591740088406958 1.591740088406958 1.6210066878591487 1.6210066878591487 1.6210066878591487 1.6210066878591487 1.6210066878591487 1.6210066878591487 1.6210066878591487 1.6078494120965234 1.6078494120965234 1.6078494120965234 1.6078494120965234 1.6078494120965234 1.6078494120965234 1.620933242959633 1.620933242959633
0.0 0.0 0.0 0.0 0.0 0.0 0.0 0.0 0.0 0.0 0.0 0.0 0.0 0.0 0.0 0.0 0.0 0.0 0.0 0.0 0.0 1.596998336239654 1.596998336239654 1.596998336239654 1.596998336239654 1.596998336239654 1.596998336239654 1.601722725132783 1.601722725132783 1.601722725132783 1.601722725132783 1.601722725132783 1.601722725132783 1.601722725132783 1.5967498875468726 1.5967498875468726 1.5967498875468726 1.5967498875468726 1.5967498875468726 1.5967498875468726 1.591740088406958 1.591740088406958 1.591740088406958 1.591740088406958 1.591740088406958 1.591740088406958 1.591740088406958 1.6210066878591487 1.6210066878591487 1.6210066878591487 1.6210066878591487 1.6210066878591487 1.6210066878591487 1.6210066878591487 1.6078494120965234 1.6078494120965234 1.6078494120965234 1.6078494120965234 1.6078494120965234 1.6078494120965234 1.620933242959633 1.620933242959633
0.0 0.0 0.0 0.0 0.0 0.0 0.0 0.0 0.0 0.0 0.0 0.0 0.0 0.0 0.0 0.0 0.0 0.0 0.0 0.0 0.0 1.6114952402661775 1.6114952402661775 1.6114952402661775 1.6114952402661775 1.6114952402661775 1.6114952402661775 1.6058852742468752 1.6058852742468752 1.6058852742468752 1.6058852742468752 1.6058852742468752 1.6058852742468752 1.6058852742468752 1.6113527158803782 1.6113527158803782 1.6113527158803782 1.6113527158803782 1.6113527158803782 1.6113527158803782 1.6224406381429544 1.6224406381429544 1.6224406381429544 1.6224406381429544 1.6224406381429544 1.6224406381429544 1.6224406381429544 1.6140084364966254 1.6140084364966254 1.6140084364966254 1.6140084364966254 1.6140084364966254 1.6140084364966254 1.6140084364966254 1.6012971020440372 1.6012971020440372 1.6012971020440372 1.6012971020440372 1.6012971020440372 1.6012971020440372 1.5969545786408987 1.5969545786408987
0.0 0.0 0.0 0.0 0.0 0.0 0.0 0.0 0.0 0.0 0.0 0.0 0.0 0.0 0.0 0.0 0.0 0.0 0.0 0.0 0.0 1.6114952402661775 1.6114952402661775 1.6114952402661775 1.6114952402661775 1.6114952402661775 1.6114952402661775 1.6058852742468752 1.6058852742468752 1.6058852742468752 1.6058852742468752 1.6058852742468752 1.6058852742468752 1.6058852742468752 1.6113527158803782 1.6113527158803782 1.6113527158803782 1.6113527158803782 1.6113527158803782 1.6113527158803782 1.6224406381429544 1.6224406381429544 1.6224406381429544 1.6224406381429544 1.6224406381429544 1.6224406381429544 1.6224406381429544 1.6140084364966254 1.6140084364966254 1.6140084364966254 1.6140084364966254 1.6140084364966254 1.6140084364966254 1.6140084364966254 1.6012971020440372 1.6012971020440372 1.6012971020440372 1.6012971020440372 1.6012971020440372 1.6012971020440372 1.5969545786408987 1.5969545786408987
0.0 0.0 0.0 0.0 0.0 0.0 0.0 0.0 0.0 0.0 0.0 0.0 0.0 0.0 0.0 0.0 0.0 0.0 0.0 0.0 0.0 1.6114952402661775 1.6114952402661775 1.6114952402661775 1.6114952402661775 1.6114952402661775 1.6114952402661775 1.6058852742468752 1.6058852742468752 1.6058852742468752 1.6058852742468752 1.6058852742468752 1.6058852742468752 1.6058852742468752 1.6113527158803782 1.6113527158803782 1.6113527158803782 1.6113527158803782 1.6113527158803782 1.6113527158803782 1.6224406381429544 1.6224406381429544 1.6224406381429544 1.6224406381429544 1.6224406381429544 1.6224406381429544 1.6224406381429544 1.6140084364966254 1.6140084364966254 1.6140084364966254 1.6140084364966254 1.6140084364966254 1.6140084364966254 1.6140084364966254 1.6012971020440372 1.6012971020440372 1.6012971020440372 1.6012971020440372 1.6012971020440372 1.6012971020440372 1.5969545786408987 1.5969545786408987
0.0 0.0 0.0 0.0 0.0 0.0 0.0 0.0 0.0 0.0 0.0 0.0 0.0 0.0 0.0 0.0 0.0 0.0 0.0 0.0 0.0 1.6114952402661775 1.6114952402661775 1.6114952402661775 1.6114952402661775 1.6114952402661775 1.6114952402661775 1.6058852742468752 1.6058852742468752 1.6058852742468752 1.6058852742468752 1.6058852742468752 1.6058852742468752 1.6058852742468752 1.6113527158803782 1.6113527158803782 1.6113527158803782 1.6113527158803782 1.6113527158803782 1.6113527158803782 1.6224406381429544 1.6224406381429544 1.6224406381429544 1.6224406381429544 1.6224406381429544 1.6224406381429544 1.6224406381429544 1.6140084364966254 1.6140084364966254 1.6140084364966254 1.6140084364966254 1.6140084364966254 1.6140084364966254 1.6140084364966254 1.6012971020440372 1.6012971020440372 1.6012971020440372 1.6012971020440372 1.6012971020440372 1.6012971020440372 1.5969545786408987 1.5969545786408987
0.0 0.0 0.0 0.0 0.0 0.0 0.0 0.0 0.0 0.0 0.0 0.0 0.0 0.0 0.0 0.0 0.0 0.0 0.0 0.0 0.0 1.6114952402661775 1.6114952402661775 1.6114952402661775 1.6114952402661775 1.6114952402661775 1.6114952402661775 1.6058852742468752 1.6058852742468752 1.6058852742468752 1.6058852742468752 1.6058852742468752 1.6058852742468752 1.6058852742468752 1.6113527158803782 1.6113527158803782 1.6113527158803782 1.6113527158803782 1.6113527158803782 1.6113527158803782 1.6224406381429544 1.6224406381429544 1.6224406381429544 1.6224406381429544 1.6224406381429544 1.6224406381429544 1.6224406381429544 1.6140084364966254 1.6140084364966254 1.6140084364966254 1.6140084364966254 1.6140084364966254 1.6140084364966254 1.6140084364966254 1.6012971020440372 1.6012971020440372 1.6012971020440372 1.6012971020440372 1.6012971020440372 1.6012971020440372 1.5969545786408987 1.5969545786408987
0.0 0.0 0.0 0.0 0.0 0.0 0.0 0.0 0.0 0.0 0.0 0.0 0.0 0.0 0.0 0.0 0.0 0.0 0.0 0.0 0.0 1.6114952402661775 1.6114952402661775 1.6114952402661775 1.6114952402661775 1.6114952402661775 1.6114952402661775 1.6058852742468752 1.6058852742468752 1.6058852742468752 1.6058852742468752 1.6058852742468752 1.6058852742468752 1.6058852742468752 1.6113527158803782 1.6113527158803782 1.6113527158803782 1.6113527158803782 1.6113527158803782 1.6113527158803782 1.6224406381429544 1.6224406381429544 1.6224406381429544 1.6224406381429544 1.6224406381429544 1.6224406381429544 1.6224406381429544 1.6140084364966254 1.6140084364966254 1.6140084364966254 1.6140084364966254 1.6140084364966254 1.6140084364966254 1.6140084364966254 1.6012971020440372 1.6012971020440372 1.6012971020440372 1.6012971020440372 1.6012971020440372 1.6012971020440372 1.5969545786408987 1.5969545786408987
0.0 0.0 0.0 0.0 0.0 0.0 0.0 0.0 0.0 0.0 0.0 0.0 0.0 0.0 0.0 0.0 0.0 0.0 0.0 0.0 0.0 1.6114952402661775 1.6114952402661775 1.6114952402661775 1.6114952402661775 1.6114952402661775 1.6114952402661775 1.6058852742468752 1.6058852742468752 1.6058852742468752 1.6058852742468752 1.6058852742468752 1.6058852742468752 1.6058852742468752 1.6113527158803782 1.6113527158803782 1.6113527158803782 1.6113527158803782 1.6113527158803782 1.6113527158803782 1.6224406381429544 1.6224406381429544 1.6224406381429544 1.6224406381429544 1.6224406381429544 1.6224406381429544 1.6224406381429544 1.6140084364966254 1.6140084364966254 1.6140084364966254 1.6140084364966254 1.6140084364966254 1.6140084364966254 1.6140084364966254 1.6012971020440372 1.6012971020440372 1.6012971020440372 1.6012971020440372 1.6012971020440372 1.6012971020440372 1.5969545786408987 1.5969545786408987
0.0 0.0 0.0 0.0 0.0 0.0 0.0 0.0 0.0 0.0 0.0 0.0 0.0 0.0 0.0 0.0 0.0 0.0 0.0 0.0 0.0 1.6195456714487442 1.6195456714487442 1.6195456714487442 1.6195456714487442 1.6195456714487442 1.6195456714487442 1.601736890616809 1.601736890616809 1.601736890616809 1.601736890616809 1.601736890616809 1.601736890616809 1.601736890616809 1.5854175844161429 1.5854175844161429 1.5854175844161429 1.5854175844161429 1.5854175844161429 1.5854175844161429 1.5917578961908785 1.5917578961908785 1.5917578961908785 1.5917578961908785 1.5917578961908785 1.5917578961908785 1.5917578961908785 1.6112152411172556 1.6112152411172556 1.6112152411172556 1.6112152411172556 1.6112152411172556 1.6112152411172556 1.6112152411172556 1.6193438005091696 1.6193438005091696 1.6193438005091696 1.6193438005091696 1.6193438005091696 1.6193438005091696 1.6209507075924106 1.6209507075924106
0.0 0.0 0.0 0.0 0.0 0.0 0.0 0.0 0.0 0.0 0.0 0.0 0.0 0.0 0.0 0.0 0.0 0.0 0.0 0.0 0.0 1.6195456714487442 1.6195456714487442 1.6195456714487442 1.6195456714487442 1.6195456714487442 1.6195456714487442 1.601736890616809 1.601736890616809 1.601736890616809 1.601736890616809 1.601736890616809 1.601736890616809 1.601736890616809 1.5854175844161429 1.5854175844161429 1.5854175844161429 1.5854175844161429 1.5854175844161429 1.5854175844161429 1.5917578961908785 1.5917578961908785 1.5917578961908785 1.5917578961908785 1.5917578961908785 1.5917578961908785 1.5917578961908785 1.6112152411172556 1.6112152411172556 1.6112152411172556 1.6112152411172556 1.6112152411172556 1.6112152411172556 1.6112152411172556 1.6193438005091696 1.6193438005091696 1.6193438005091696 1.6193438005091696 1.6193438005091696 1.6193438005091696 1.6209507075924106 1.6209507075924106
0.0 0.0 0.0 0.0 0.0 0.0 0.0 0.0 0.0 0.0 0.0 0.0 0.0 0.0 0.0 0.0 0.0 0.0 0.0 0.0 0.0 1.6195456714487442 1.6195456714487442 1.6195456714487442 1.6195456714487442 1.6195456714487442 1.6195456714487442 1.601736890616809 1.601736890616809 1.601736890616809 1.601736890616809 1.601736890616809 1.601736890616809 1.601736890616809 1.5854175844161429 1.5854175844161429 1.5854175844161429 1.5854175844161429 1.5854175844161429 1.5854175844161429 1.5917578961908785 1.5917578961908785 1.5917578961908785 1.5917578961908785 1.5917578961908785 1.5917578961908785 1.5917578961908785 1.6112152411172556 1.6112152411172556 1.6112152411172556 1.6112152411172556 1.6112152411172556 1.6112152411172556 1.6112152411172556 1.6193438005091696 1.6193438005091696 1.6193438005091696 1.6193438005091696 1.6193438005091696 1.6193438005091696 1.6209507075924106 1.6209507075924106
0.0 0.0 0.0 0.0 0.0 0.0 0.0 0.0 0.0 0.0 0.0 0.0 0.0 0.0 0.0 0.0 0.0 0.0 0.0 0.0 0.0 1.6195456714487442 1.6195456714487442 1.6195456714487442 1.6195456714487442 1.6195456714487442 1.6195456714487442 1.601736890616809 1.601736890616809 1.601736890616809 1.601736890616809 1.601736890616809 1.601736890616809 1.601736890616809 1.5854175844161429 1.5854175844161429 1.5854175844161429 1.5854175844161429 1.5854175844161429 1.5854175844161429 1.5917578961908785 1.5917578961908785 1.5917578961908785 1.5917578961908785 1.5917578961908785 1.5917578961908785 1.5917578961908785 1.6112152411172556 1.6112152411172556 1.6112152411172556 1.6112152411172556 1.6112152411172556 1.6112152411172556 1.6112152411172556 1.6193438005091696 1.6193438005091696 1.6193438005091696 1.6193438005091696 1.6193438005091696 1.6193438005091696 1.6209507075924106 1.6209507075924106
0.0 0.0 0.0 0.0 0.0 0.0 0.0 0.0 0.0 0.0 0.0 0.0 0.0 0.0 0.0 0.0 0.0 0.0 0.0 0.0 0.0 1.6195456714487442 1.6195456714487442 1.6195456714487442 1.6195456714487442 1.6195456714487442 1.6195456714487442 1.601736890616809 1.601736890616809 1.601736890616809 1.601736890616809 1.601736890616809 1.601736890616809 1.601736890616809 1.5854175844161429 1.5854175844161429 1.5854175844161429 1.5854175844161429 1.5854175844161429 1.5854175844161429 1.5917578961908785 1.5917578961908785 1.5917578961908785 1.5917578961908785 1.5917578961908785 1.5917578961908785 1.5917578961908785 1.6112152411172556 1.6112152411172556 1.6112152411172556 1.6112152411172556 1.6112152411172556 1.6112152411172556 1.6112152411172556 1.6193438005091696 1.6193438005091696 1.6193438005091696 1.6193438005091696 1.6193438005091696 1.6193438005091696 1.6209507075924106 1.6209507075924106
0.0 0.0 0.0 0.0 0.0 0.0 0.0 0.0 0.0 0.0 0.0 0.0 0.0 0.0 0.0 0.0 0.0 0.0 0.0 0.0 0.0 1.6195456714487442 1.6195456714487442 1.6195456714487442 1.6195456714487442 1.6195456714487442 1.6195456714487442 1.601736890616809 1.601736890616809 1.601736890616809 1.601736890616809 1.601736890616809 1.601736890616809 1.601736890616809 1.5854175844161429 1.5854175844161429 1.5854175844161429 1.5854175844161429 1.5854175844161429 1.5854175844161429 1.5917578961908785 1.5917578961908785 1.5917578961908785 1.5917578961908785 1.5917578961908785 1.5917578961908785 1.5917578961908785 1.6112152411172556 1.6112152411172556 1.6112152411172556 1.6112152411172556 1.6112152411172556 1.6112152411172556 1.6112152411172556 1.6193438005091696 1.6193438005091696 1.6193438005091696 1.6193438005091696 1.6193438005091696 1.6193438005091696 1.6209507075924106 1.6209507075924106
0.0 0.0 0.0 0.0 0.0 0.0 0.0 0.0 0.0 0.0 0.0 0.0 0.0 0.0 0.0 0.0 0.0 0.0 0.0 0.0 0.0 1.5728831566054124 1.5728831566054124 1.5728831566054124 1.5728831566054124 1.5728831566054124 1.5728831566054124 1.622507640257768 1.622507640257768 1.622507640257768 1.622507640257768 1.622507640257768 1.622507640257768 1.622507640257768 1.6210934962572232 1.6210934962572232 1.6210934962572232 1.6210934962572232 1.6210934962572232 1.6210934962572232 1.6224555102565965 1.6224555102565965 1.6224555102565965 1.6224555102565965 1.6224555102565965 1.6224555102565965 1.6224555102565965 1.6140477777875524 1.6140477777875524 1.6140477777875524 1.6140477777875524 1.6140477777875524 1.6140477777875524 1.6140477777875524 1.6013829747586796 1.6013829747586796 1.6013829747586796 1.6013829747586796 1.6013829747586796 1.6013829747586796 1.571766707958321 1.571766707958321
0.0 0.0 0.0 0.0 0.0 0.0 0.0 0.0 0.0 0.0 0.0 0.0 0.0 0.0 0.0 0.0 0.0 0.0 0.0 0.0 0.0 1.5728831566054124 1.5728831566054124 1.5728831566054124 1.5728831566054124 1.5728831566054124 1.5728831566054124 1.622507640257768 1.622507640257768 1.622507640257768 1.622507640257768 1.622507640257768 1.622507640257768 1.622507640257768 1.6210934962572232 1.6210934962572232 1.6210934962572232 1.6210934962572232 1.6210934962572232 1.6210934962572232 1.6224555102565965 1.6224555102565965 1.6224555102565965 1.6224555102565965 1.6224555102565965 1.6224555102565965 1.6224555102565965 1.6140477777875524 1.6140477777875524 1.6140477777875524 1.6140477777875524 1.6140477777875524 1.6140477777875524 1.6140477777875524 1.6013829747586796 1.6013829747586796 1.6013829747586796 1.6013829747586796 1.6013829747586796 1.6013829747586796 1.571766707958321 1.571766707958321
