EAT8a1/grid.asc
ncols         421
nrows         499
xllcorner     129089.36260808306
yllcorner     7902328.135039285
dx            5.010766212006775
dy            5.0003577859844555
[rows 189 to 215 of 499, columns 0 to 61 of 421]
0.0 0.0 0.0 0.0 0.0 0.0 0.0 1.5974923938048766 1.5974923938048766 1.5974923938048766 1.5974923938048766 1.5974923938048766 1.5974923938048766 1.6022277242935319 1.6022277242935319 1.6022277242935319 1.6022277242935319 1.6022277242935319 1.6022277242935319 1.6022277242935319 1.5862148291216456 1.5862148291216456 1.5862148291216456 1.5862148291216456 1.5862148291216456 1.5862148291216456 1.5828855089686054 1.5828855089686054 1.5828855089686054 1.5828855089686054 1.5828855089686054 1.5828855089686054 1.5828855089686054 1.6195958673761008 1.6195958673761008 1.6195958673761008 1.6195958673761008 1.6195958673761008 1.6195958673761008 1.601890473900866 1.601890473900866 1.601890473900866 1.601890473900866 1.601890473900866 1.601890473900866 1.601890473900866 1.5921547985486686 1.5921547985486686 1.5921547985486686 1.5921547985486686 1.5921547985486686 1.5921547985486686 1.5921547985486686 1.5856078047090134 1.5856078047090134 1.5856078047090134 1.5856078047090134 1.5856078047090134 1.5856078047090134 1.6114291943623353 1.6114291943623353 1.6114291943623353
0.0 0.0 0.0 0.0 0.0 0.0 0.0 1.5974923938048766 1.5974923938048766 1.5974923938048766 1.5974923938048766 1.5974923938048766 1.5974923938048766 1.6022277242935319 1.6022277242935319 1.6022277242935319 1.6022277242935319 1.6022277242935319 1.6022277242935319 1.6022277242935319 1.5862148291216456 1.5862148291216456 1.5862148291216456 1.5862148291216456 1.5862148291216456 1.5862148291216456 1.5828855089686054 1.5828855089686054 1.5828855089686054 1.5828855089686054 1.5828855089686054 1.5828855089686054 1.5828855089686054 1.6195958673761008 1.6195958673761008 1.6195958673761008 1.6195958673761008 1.6195958673761008 1.6195958673761008 1.601890473900866 1.601890473900866 1.601890473900866 1.601890473900866 1.601890473900866 1.601890473900866 1.601890473900866 1.5921547985486686 1.5921547985486686 1.5921547985486686 1.5921547985486686 1.5921547985486686 1.5921547985486686 1.5921547985486686 1.5856078047090134 1.5856078047090134 1.5856078047090134 1.5856078047090134 1.5856078047090134 1.5856078047090134 1.6114291943623353 1.6114291943623353 1.6114291943623353
0.0 0.0 0.0 0.0 0.0 0.0 0.0 1.6308106202335406 1.6308106202335406 1.6308106202335406 1.6308106202335406 1.6308106202335406 1.6308106202335406 1.6308106202335406 1.6308106202335406 1.6308106202335406 1.6308106202335406 1.6308106202335406 1.6308106202335406 1.6308106202335406 1.60220106748415 1.60220106748415 1.60220106748415 1.60220106748415 1.60220106748415 1.60220106748415 1.6226133447034965 1.6226133447034965 1.6226133447034965 1.6226133447034965 1.6226133447034965 1.6226133447034965 1.6226133447034965 1.6212200085947444 1.6212200085947444 1.6212200085947444 1.6212200085947444 1.6212200085947444 1.6212200085947444 1.5978473905233754 1.5978473905233754 1.5978473905233754 1.5978473905233754 1.5978473905233754 1.5978473905233754 1.5978473905233754 1.5729921726317748 1.5729921726317748 1.5729921726317748 1.5729921726317748 1.5729921726317748 1.5729921726317748 1.5729921726317748 1.6018346922198539 1.6018346922198539 1.6018346922198539 1.6018346922198539 1.6018346922198539 1.6018346922198539 1.6142443805990432 1.6142443805990432 1.6142443805990432
0.0 0.0 0.0 0.0 0.0 0.0 0.0 1.6308106202335406 1.6308106202335406 1.6308106202335406 1.6308106202335406 1.6308106202335406 1.6308106202335406 1.6308106202335406 1.6308106202335406 1.6308106202335406 1.6308106202335406 1.6308106202335406 1.6308106202335406 1.6308106202335406 1.60220106748415 1.60220106748415 1.60220106748415 1.60220106748415 1.60220106748415 1.60220106748415 1.6226133447034965 1.6226133447034965 1.6226133447034965 1.6226133447034965 1.6226133447034965 1.6226133447034965 1.6226133447034965 1.6212200085947444 1.6212200085947444 1.6212200085947444 1.6212200085947444 1.6212200085947444 1.6212200085947444 1.5978473905233754 1.5978473905233754 1.5978473905233754 1.5978473905233754 1.5978473905233754 1.5978473905233754 1.5978473905233754 1.5729921726317748 1.5729921726317748 1.5729921726317748 1.5729921726317748 1.5729921726317748 1.5729921726317748 1.5729921726317748 1.6018346922198539 1.6018346922198539 1.6018346922198539 1.6018346922198539 1.6018346922198539 1.6018346922198539 1.6142443805990432 1.6142443805990432 1.6142443805990432
0.0 0.0 0.0 0.0 0.0 0.0 0.0 1.6308106202335406 1.6308106202335406 1.6308106202335406 1.6308106202335406 1.6308106202335406 1.6308106202335406 1.6308106202335406 1.6308106202335406 1.6308106202335406 1.6308106202335406 1.6308106202335406 1.6308106202335406 1.6308106202335406 1.60220106748415 1.60220106748415 1.60220106748415 1.60220106748415 1.60220106748415 1.60220106748415 1.6226133447034965 1.6226133447034965 1.6226133447034965 1.6226133447034965 1.6226133447034965 1.6226133447034965 1.6226133447034965 1.6212200085947444 1.6212200085947444 1.6212200085947444 1.6212200085947444 1.6212200085947444 1.6212200085947444 1.5978473905233754 1.5978473905233754 1.5978473905233754 1.5978473905233754 1.5978473905233754 1.5978473905233754 1.5978473905233754 1.5729921726317748 1.5729921726317748 1.5729921726317748 1.5729921726317748 1.5729921726317748 1.5729921726317748 1.5729921726317748 1.6018346922198539 1.6018346922198539 1.6018346922198539 1.6018346922198539 1.6018346922198539 1.6018346922198539 1.6142443805990432 1.6142443805990432 1.6142443805990432
0.0 0.0 0.0 0.0 0.0 0.0 0.0 1.6308106202335406 1.6308106202335406 1.6308106202335406 1.6308106202335406 1.6308106202335406 1.6308106202335406 1.6308106202335406 1.6308106202335406 1.6308106202335406 1.6308106202335406 1.6308106202335406 1.6308106202335406 1.6308106202335406 1.60220106748415 1.60220106748415 1.60220106748415 1.60220106748415 1.60220106748415 1.60220106748415 1.6226133447034965 1.6226133447034965 1.6226133447034965 1.6226133447034965 1.6226133447034965 1.6226133447034965 1.6226133447034965 1.6212200085947444 1.6212200085947444 1.6212200085947444 1.6212200085947444 1.6212200085947444 1.6212200085947444 1.5978473905233754 1.5978473905233754 1.5978473905233754 1.5978473905233754 1.5978473905233754 1.5978473905233754 1.5978473905233754 1.5729921726317748 1.5729921726317748 1.5729921726317748 1.5729921726317748 1.5729921726317748 1.5729921726317748 1.5729921726317748 1.6018346922198539 1.6018346922198539 1.6018346922198539 1.6018346922198539 1.6018346922198539 1.6018346922198539 1.6142443805990432 1.6142443805990432 1.6142443805990432
0.0 0.0 0.0 0.0 0.0 0.0 0.0 1.6308106202335406 1.6308106202335406 1.6308106202335406 1.6308106202335406 1.6308106202335406 1.6308106202335406 1.6308106202335406 1.6308106202335406 1.6308106202335406 1.6308106202335406 1.6308106202335406 1.6308106202335406 1.6308106202335406 1.60220106748415 1.60220106748415 1.60220106748415 1.60220106748415 1.60220106748415 1.60220106748415 1.6226133447034965 1.6226133447034965 1.6226133447034965 1.6226133447034965 1.6226133447034965 1.6226133447034965 1.6226133447034965 1.6212200085947444 1.6212200085947444 1.6212200085947444 1.6212200085947444 1.6212200085947444 1.6212200085947444 1.5978473905233754 1.5978473905233754 1.5978473905233754 1.5978473905233754 1.5978473905233754 1.5978473905233754 1.5978473905233754 1.5729921726317748 1.5729921726317748 1.5729921726317748 1.5729921726317748 1.5729921726317748 1.5729921726317748 1.5729921726317748 1.6018346922198539 1.6018346922198539 1.6018346922198539 1.6018346922198539 1.6018346922198539 1.6018346922198539 1.6142443805990432 1.6142443805990432 1.6142443805990432
0.0 0.0 0.0 0.0 0.0 0.0 0.0 1.6308106202335406 1.6308106202335406 1.6308106202335406 1.6308106202335406 1.6308106202335406 1.6308106202335406 1.6308106202335406 1.6308106202335406 1.6308106202335406 1.6308106202335406 1.6308106202335406 1.6308106202335406 1.6308106202335406 1.60220106748415 1.60220106748415 1.60220106748415 1.60220106748415 1.60220106748415 1.60220106748415 1.6226133447034965 1.6226133447034965 1.6226133447034965 1.6226133447034965 1.6226133447034965 1.6226133447034965 1.6226133447034965 1.6212200085947444 1.6212200085947444 1.6212200085947444 1.6212200085947444 1.6212200085947444 1.6212200085947444 1.5978473905233754 1.5978473905233754 1.5978473905233754 1.5978473905233754 1.5978473905233754 1.5978473905233754 1.5978473905233754 1.5729921726317748 1.5729921726317748 1.5729921726317748 1.5729921726317748 1.5729921726317748 1.5729921726317748 1.5729921726317748 1.6018346922198539 1.6018346922198539 1.6018346922198539 1.6018346922198539 1.6018346922198539 1.6018346922198539 1.6142443805990432 1.6142443805990432 1.6142443805990432
0.0 0.0 0.0 0.0 0.0 0.0 0.0 1.6308106202335406 1.6308106202335406 1.6308106202335406 1.6308106202335406 1.6308106202335406 1.6308106202335406 1.6308106202335406 1.6308106202335406 1.6308106202335406 1.6308106202335406 1.6308106202335406 1.6308106202335406 1.6308106202335406 1.60220106748415 1.60220106748415 1.60220106748415 1.60220106748415 1.60220106748415 1.60220106748415 1.6226133447034965 1.6226133447034965 1.6226133447034965 1.6226133447034965 1.6226133447034965 1.6226133447034965 1.6226133447034965 1.6212200085947444 1.6212200085947444 1.6212200085947444 1.6212200085947444 1.6212200085947444 1.6212200085947444 1.5978473905233754 1.5978473905233754 1.5978473905233754 1.5978473905233754 1.5978473905233754 1.5978473905233754 1.5978473905233754 1.5729921726317748 1.5729921726317748 1.5729921726317748 1.5729921726317748 1.5729921726317748 1.5729921726317748 1.5729921726317748 1.6018346922198539 1.6018346922198539 1.6018346922198539 1.6018346922198539 1.6018346922198539 1.6018346922198539 1.6142443805990432 1.6142443805990432 1.6142443805990432
0.0 0.0 0.0 0.0 0.0 0.0 0.0 0.0 0.0 0.0 0.0 0.0 0.0 1.5927326471722103 1.5927326471722103 1.5927326471722103 1.5927326471722103 1.5927326471722103 1.5927326471722103 1.5927326471722103 1.608598469281098 1.608598469281098 1.608598469281098 1.608598469281098 1.608598469281098 1.608598469281098 1.5640188674386661 1.5640188674386661 1.5640188674386661 1.5640188674386661 1.5640188674386661 1.5640188674386661 1.5640188674386661 1.5750141836308107 1.5750141836308107 1.5750141836308107 1.5750141836308107 1.5750141836308107 1.5750141836308107 1.6020495903922134 1.6020495903922134 1.6020495903922134 1.6020495903922134 1.6020495903922134 1.6020495903922134 1.6020495903922134 1.6115925861334595 1.6115925861334595 1.6115925861334595 1.6115925861334595 1.6115925861334595 1.6115925861334595 1.6115925861334595 1.6083379942521392 1.6083379942521392 1.6083379942521392 1.6083379942521392 1.6083379942521392 1.6083379942521392 1.6018942602563235 1.6018942602563235 1.6018942602563235
0.0 0.0 0.0 0.0 0.0 0.0 0.0 0.0 0.0 0.0 0.0 0.0 0.0 1.5927326471722103 1.5927326471722103 1.5927326471722103 1.5927326471722103 1.5927326471722103 1.5927326471722103 1.5927326471722103 1.608598469281098 1.608598469281098 1.608598469281098 1.608598469281098 1.608598469281098 1.608598469281098 1.5640188674386661 1.5640188674386661 1.5640188674386661 1.5640188674386661 1.5640188674386661 1.5640188674386661 1.5640188674386661 1.5750141836308107 1.5750141836308107 1.5750141836308107 1.5750141836308107 1.5750141836308107 1.5750141836308107 1.6020495903922134 1.6020495903922134 1.6020495903922134 1.6020495903922134 1.6020495903922134 1.6020495903922134 1.6020495903922134 1.6115925861334595 1.6115925861334595 1.6115925861334595 1.6115925861334595 1.6115925861334595 1.6115925861334595 1.6115925861334595 1.6083379942521392 1.6083379942521392 1.6083379942521392 1.6083379942521392 1.6083379942521392 1.6083379942521392 1.6018942602563235 1.6018942602563235 1.6018942602563235
0.0 0.0 0.0 0.0 0.0 0.0 0.0 0.0 0.0 0.0 0.0 0.0 0.0 1.5927326471722103 1.5927326471722103 1.5927326471722103 1.5927326471722103 1.5927326471722103 1.5927326471722103 1.5927326471722103 1.608598469281098 1.608598469281098 1.608598469281098 1.608598469281098 1.608598469281098 1.608598469281098 1.5640188674386661 1.5640188674386661 1.5640188674386661 1.5640188674386661 1.5640188674386661 1.5640188674386661 1.5640188674386661 1.5750141836308107 1.5750141836308107 1.5750141836308107 1.5750141836308107 1.5750141836308107 1.5750141836308107 1.6020495903922134 1.6020495903922134 1.6020495903922134 1.6020495903922134 1.6020495903922134 1.6020495903922134 1.6020495903922134 1.6115925861334595 1.6115925861334595 1.6115925861334595 1.6115925861334595 1.6115925861334595 1.6115925861334595 1.6115925861334595 1.6083379942521392 1.6083379942521392 1.6083379942521392 1.6083379942521392 1.6083379942521392 1.6083379942521392 1.6018942602563235 1.6018942602563235 1.6018942602563235
0.0 0.0 0.0 0.0 0.0 0.0 0.0 0.0 0.0 0.0 0.0 0.0 0.0 1.5927326471722103 1.5927326471722103 1.5927326471722103 1.5927326471722103 1.5927326471722103 1.5927326471722103 1.5927326471722103 1.608598469281098 1.608598469281098 1.608598469281098 1.608598469281098 1.608598469281098 1.608598469281098 1.5640188674386661 1.5640188674386661 1.5640188674386661 1.5640188674386661 1.5640188674386661 1.5640188674386661 1.5640188674386661 1.5750141836308107 1.5750141836308107 1.5750141836308107 1.5750141836308107 1.5750141836308107 1.5750141836308107 1.6020495903922134 1.6020495903922134 1.6020495903922134 1.6020495903922134 1.6020495903922134 1.6020495903922134 1.6020495903922134 1.6115925861334595 1.6115925861334595 1.6115925861334595 1.6115925861334595 1.6115925861334595 1.6115925861334595 1.6115925861334595 1.6083379942521392 1.6083379942521392 1.6083379942521392 1.6083379942521392 1.6083379942521392 1.6083379942521392 1.6018942602563235 1.6018942602563235 1.6018942602563235
0.0 0.0 0.0 0.0 0.0 0.0 0.0 0.0 0.0 0.0 0.0 0.0 0.0 1.5927326471722103 1.5927326471722103 1.5927326471722103 1.5927326471722103 1.5927326471722103 1.5927326471722103 1.5927326471722103 1.608598469281098 1.608598469281098 1.608598469281098 1.608598469281098 1.608598469281098 1.608598469281098 1.5640188674386661 1.5640188674386661 1.5640188674386661 1.5640188674386661 1.5640188674386661 1.5640188674386661 1.5640188674386661 1.5750141836308107 1.5750141836308107 1.5750141836308107 1.5750141836308107 1.5750141836308107 1.5750141836308107 1.6020495903922134 1.6020495903922134 1.6020495903922134 1.6020495903922134 1.6020495903922134 1.6020495903922134 1.6020495903922134 1.6115925861334595 1.6115925861334595 1.6115925861334595 1.6115925861334595 1.6115925861334595 1.6115925861334595 1.6115925861334595 1.6083379942521392 1.6083379942521392 1.6083379942521392 1.6083379942521392 1.6083379942521392 1.6083379942521392 1.6018942602563235 1.6018942602563235 1.6018942602563235
0.0 0.0 0.0 0.0 0.0 0.0 0.0 0.0 0.0 0.0 0.0 0.0 0.0 1.5927326471722103 1.5927326471722103 1.5927326471722103 1.5927326471722103 1.5927326471722103 1.5927326471722103 1.5927326471722103 1.608598469281098 1.608598469281098 1.608598469281098 1.608598469281098 1.608598469281098 1.608598469281098 1.5640188674386661 1.5640188674386661 1.5640188674386661 1.5640188674386661 1.5640188674386661 1.5640188674386661 1.5640188674386661 1.5750141836308107 1.5750141836308107 1.5750141836308107 1.5750141836308107 1.5750141836308107 1.5750141836308107 1.6020495903922134 1.6020495903922134 1.6020495903922134 1.6020495903922134 1.6020495903922134 1.6020495903922134 1.6020495903922134 1.6115925861334595 1.6115925861334595 1.6115925861334595 1.6115925861334595 1.6115925861334595 1.6115925861334595 1.6115925861334595 1.6083379942521392 1.6083379942521392 1.6083379942521392 1.6083379942521392 1.6083379942521392 1.6083379942521392 1.6018942602563235 1.6018942602563235 1.6018942602563235
0.0 0.0 0.0 0.0 0.0 0.0 0.0 0.0 0.0 0.0 0.0 0.0 0.0 0.0 0.0 0.0 0.0 0.0 0.0 0.0 0.0 0.0 0.0 0.0 0.0 0.0 0.0 0.0 0.0 0.0 0.0 0.0 0.0 1.621272504409649 1.621272504409649 1.621272504409649 1.621272504409649 1.621272504409649 1.621272504409649 1.58983962550472 1.58983962550472 1.58983962550472 1.58983962550472 1.58983962550472 1.58983962550472 1.58983962550472 1.6143847091955472 1.6143847091955472 1.6143847091955472 1.6143847091955472 1.6143847091955472 1.6143847091955472 1.6143847091955472 1.6019991422950015 1.6019991422950015 1.6019991422950015 1.6019991422950015 1.6019991422950015 1.6019991422950015 1.606090780334438 1.606090780334438 1.606090780334438
0.0 0.0 0.0 0.0 0.0 0.0 0.0 0.0 0.0 0.0 0.0 0.0 0.0 0.0 0.0 0.0 0.0 0.0 0.0 0.0 0.0 0.0 0.0 0.0 0.0 0.0 0.0 0.0 0.0 0.0 0.0 0.0 0.0 1.621272504409649 1.621272504409649 1.621272504409649 1.621272504409649 1.621272504409649 1.621272504409649 1.58983962550472 1.58983962550472 1.58983962550472 1.58983962550472 1.58983962550472 1.58983962550472 1.58983962550472 1.6143847091955472 1.6143847091955472 1.6143847091955472 1.6143847091955472 1.6143847091955472 1.6143847091955472 1.6143847091955472 1.6019991422950015 1.6019991422950015 1.6019991422950015 1.6019991422950015 1.6019991422950015 1.6019991422950015 1.606090780334438 1.606090780334438 1.606090780334438
0.0 0.0 0.0 0.0 0.0 0.0 0.0 0.0 0.0 0.0 0.0 0.0 0.0 0.0 0.0 0.0 0.0 0.0 0.0 0.0 0.0 0.0 0.0 0.0 0.0 0.0 0.0 0.0 0.0 0.0 0.0 0.0 0.0 1.621272504409649 1.621272504409649 1.621272504409649 1.621272504409649 1.621272504409649 1.621272504409649 1.58983962550472 1.58983962550472 1.58983962550472 1.58983962550472 1.58983962550472 1.58983962550472 1.58983962550472 1.6143847091955472 1.6143847091955472 1.6143847091955472 1.6143847091955472 1.6143847091955472 1.6143847091955472 1.6143847091955472 1.6019991422950015 1.6019991422950015 1.6019991422950015 1.6019991422950015 1.6019991422950015 1.6019991422950015 1.606090780334438 1.606090780334438 1.606090780334438
0.0 0.0 0.0 0.0 0.0 0.0 0.0 0.0 0.0 0.0 0.0 0.0 0.0 0.0 0.0 0.0 0.0 0.0 0.0 0.0 0.0 0.0 0.0 0.0 0.0 0.0 0.0 0.0 0.0 0.0 0.0 0.0 0.0 1.621272504409649 1.621272504409649 1.621272504409649 1.621272504409649 1.621272504409649 1.621272504409649 1.58983962550472 1.58983962550472 1.58983962550472 1.58983962550472 1.58983962550472 1.58983962550472 1.58983962550472 1.6143847091955472 1.6143847091955472 1.6143847091955472 1.6143847091955472 1.6143847091955472 1.6143847091955472 1.6143847091955472 1.6019991422950015 1.6019991422950015 1.6019991422950015 1.6019991422950015 1.6019991422950015 1.6019991422950015 1.606090780334438 1.606090780334438 1.606090780334438
0.0 0.0 0.0 0.0 0.0 0.0 0.0 0.0 0.0 0.0 0.0 0.0 0.0 0.0 0.0 0.0 0.0 0.0 0.0 0.0 0.0 0.0 0.0 0.0 0.0 0.0 0.0 0.0 0.0 0.0 0.0 0.0 0.0 1.621272504409649 1.621272504409649 1.621272504409649 1.621272504409649 1.621272504409649 1.621272504409649 1.58983962550472 1.58983962550472 1.58983962550472 1.58983962550472 1.58983962550472 1.58983962550472 1.58983962550472 1.6143847091955472 1.6143847091955472 1.6143847091955472 1.6143847091955472 1.6143847091955472 1.6143847091955472 1.6143847091955472 1.6019991422950015 1.6019991422950015 1.6019991422950015 1.6019991422950015 1.6019991422950015 1.6019991422950015 1.606090780334438 1.606090780334438 1.606090780334438
0.0 0.0 0.0 0.0 0.0 0.0 0.0 0.0 0.0 0.0 0.0 0.0 0.0 0.0 0.0 0.0 0.0 0.0 0.0 0.0 0.0 0.0 0.0 0.0 0.0 0.0 0.0 0.0 0.0 0.0 0.0 0.0 0.0 1.621272504409649 1.621272504409649 1.621272504409649 1.621272504409649 1.621272504409649 1.621272504409649 1.58983962550472 1.58983962550472 1.58983962550472 1.58983962550472 1.58983962550472 1.58983962550472 1.58983962550472 1.6143847091955472 1.6143847091955472 1.6143847091955472 1.6143847091955472 1.6143847091955472 1.6143847091955472 1.6143847091955472 1.6019991422950015 1.6019991422950015 1.6019991422950015 1.6019991422950015 1.6019991422950015 1.6019991422950015 1.606090780334438 1.606090780334438 1.606090780334438
0.0 0.0 0.0 0.0 0.0 0.0 0.0 0.0 0.0 0.0 0.0 0.0 0.0 0.0 0.0 0.0 0.0 0.0 0.0 0.0 0.0 0.0 0.0 0.0 0.0 0.0 0.0 0.0 0.0 0.0 0.0 0.0 0.0 1.621272504409649 1.621272504409649 1.621272504409649 1.621272504409649 1.621272504409649 1.621272504409649 1.58983962550472 1.58983962550472 1.58983962550472 1.58983962550472 1.58983962550472 1.58983962550472 1.58983962550472 1.6143847091955472 1.6143847091955472 1.6143847091955472 1.6143847091955472 1.6143847091955472 1.6143847091955472 1.6143847091955472 1.6019991422950015 1.6019991422950015 1.6019991422950015 1.6019991422950015 1.6019991422950015 1.6019991422950015 1.606090780334438 1.606090780334438 1.606090780334438
0.0 0.0 0.0 0.0 0.0 0.0 0.0 0.0 0.0 0.0 0.0 0.0 0.0 0.0 0.0 0.0 0.0 0.0 0.0 0.0 0.0 0.0 0.0 0.0 0.0 0.0 0.0 0.0 0.0 0.0 0.0 0.0 0.0 0.0 0.0 0.0 0.0 0.0 0.0 0.0 0.0 0.0 0.0 0.0 0.0 0.0 0.0 0.0 0.0 0.0 0.0 0.0 0.0 1.602076596500884 1.602076596500884 1.602076596500884 1.602076596500884 1.602076596500884 1.602076596500884 1.6308106202335406 1.6308106202335406 1.6308106202335406
0.0 0.0 0.0 0.0 0.0 0.0 0.0 0.0 0.0 0.0 0.0 0.0 0.0 0.0 0.0 0.0 0.0 0.0 0.0 0.0 0.0 0.0 0.0 0.0 0.0 0.0 0.0 0.0 0.0 0.0 0.0 0.0 0.0 0.0 0.0 0.0 0.0 0.0 0.0 0.0 0.0 0.0 0.0 0.0 0.0 0.0 0.0 0.0 0.0 0.0 0.0 0.0 0.0 1.602076596500884 1.602076596500884 1.602076596500884 1.602076596500884 1.602076596500884 1.602076596500884 1.6308106202335406 1.6308106202335406 1.6308106202335406
0.0 0.0 0.0 0.0 0.0 0.0 0.0 0.0 0.0 0.0 0.0 0.0 0.0 0.0 0.0 0.0 0.0 0.0 0.0 0.0 0.0 0.0 0.0 0.0 0.0 0.0 0.0 0.0 0.0 0.0 0.0 0.0 0.0 0.0 0.0 0.0 0.0 0.0 0.0 0.0 0.0 0.0 0.0 0.0 0.0 0.0 0.0 0.0 0.0 0.0 0.0 0.0 0.0 1.602076596500884 1.602076596500884 1.602076596500884 1.602076596500884 1.602076596500884 1.602076596500884 1.6308106202335406 1.6308106202335406 1.6308106202335406
0.0 0.0 0.0 0.0 0.0 0.0 0.0 0.0 0.0 0.0 0.0 0.0 0.0 0.0 0.0 0.0 0.0 0.0 0.0 0.0 0.0 0.0 0.0 0.0 0.0 0.0 0.0 0.0 0.0 0.0 0.0 0.0 0.0 0.0 0.0 0.0 0.0 0.0 0.0 0.0 0.0 0.0 0.0 0.0 0.0 0.0 0.0 0.0 0.0 0.0 0.0 0.0 0.0 1.602076596500884 1.602076596500884 1.602076596500884 1.602076596500884 1.602076596500884 1.602076596500884 1.6308106202335406 1.6308106202335406 1.6308106202335406
0.0 0.0 0.0 0.0 0.0 0.0 0.0 0.0 0.0 0.0 0.0 0.0 0.0 0.0 0.0 0.0 0.0 0.0 0.0 0.0 0.0 0.0 0.0 0.0 0.0 0.0 0.0 0.0 0.0 0.0 0.0 0.0 0.0 0.0 0.0 0.0 0.0 0.0 0.0 0.0 0.0 0.0 0.0 0.0 0.0 0.0 0.0 0.0 0.0 0.0 0.0 0.0 0.0 1.602076596500884 1.602076596500884 1.602076596500884 1.602076596500884 1.602076596500884 1.602076596500884 1.6308106202335406 1.6308106202335406 1.6308106202335406
