EAT8a1/grid.asc
ncols         421
nrows         499
xllcorner     129089.36260808306
yllcorner     7902328.135039285
dx            5.010766212006775
dy            5.0003577859844555
[rows 0 to 26 of 499, columns 186 to 247 of 421]
1.598066094097345 1.598066094097345 1.598066094097345 1.598066094097345 1.598066094097345 0.0 0.0 0.0 0.0 0.0 0.0 0.0 0.0 0.0 0.0 0.0 0.0 0.0 0.0 0.0 0.0 0.0 0.0 0.0 0.0 0.0 0.0 0.0 0.0 0.0 0.0 0.0 0.0 0.0 0.0 0.0 0.0 0.0 0.0 0.0 0.0 0.0 0.0 0.0 0.0 0.0 0.0 0.0 0.0 0.0 0.0 0.0 0.0 0.0 0.0 0.0 0.0 0.0 0.0 0.0 0.0 0.0
1.598066094097345 1.598066094097345 1.598066094097345 1.598066094097345 1.598066094097345 0.0 0.0 0.0 0.0 0.0 0.0 0.0 0.0 0.0 0.0 0.0 0.0 0.0 0.0 0.0 0.0 0.0 0.0 0.0 0.0 0.0 0.0 0.0 0.0 0.0 0.0 0.0 0.0 0.0 0.0 0.0 0.0 0.0 0.0 0.0 0.0 0.0 0.0 0.0 0.0 0.0 0.0 0.0 0.0 0.0 0.0 0.0 0.0 0.0 0.0 0.0 0.0 0.0 0.0 0.0 0.0 0.0
1.598066094097345 1.598066094097345 1.598066094097345 1.598066094097345 1.598066094097345 0.0 0.0 0.0 0.0 0.0 0.0 0.0 0.0 0.0 0.0 0.0 0.0 0.0 0.0 0.0 0.0 0.0 0.0 0.0 0.0 0.0 0.0 0.0 0.0 0.0 0.0 0.0 0.0 0.0 0.0 0.0 0.0 0.0 0.0 0.0 0.0 0.0 0.0 0.0 0.0 0.0 0.0 0.0 0.0 0.0 0.0 0.0 0.0 0.0 0.0 0.0 0.0 0.0 0.0 0.0 0.0 0.0
1.598066094097345 1.598066094097345 1.598066094097345 1.598066094097345 1.598066094097345 0.0 0.0 0.0 0.0 0.0 0.0 0.0 0.0 0.0 0.0 0.0 0.0 0.0 0.0 0.0 0.0 0.0 0.0 0.0 0.0 0.0 0.0 0.0 0.0 0.0 0.0 0.0 0.0 0.0 0.0 0.0 0.0 0.0 0.0 0.0 0.0 0.0 0.0 0.0 0.0 0.0 0.0 0.0 0.0 0.0 0.0 0.0 0.0 0.0 0.0 0.0 0.0 0.0 0.0 0.0 0.0 0.0
1.598066094097345 1.598066094097345 1.598066094097345 1.598066094097345 1.598066094097345 0.0 0.0 0.0 0.0 0.0 0.0 0.0 0.0 0.0 0.0 0.0 0.0 0.0 0.0 0.0 0.0 0.0 0.0 0.0 0.0 0.0 0.0 0.0 0.0 0.0 0.0 0.0 0.0 0.0 0.0 0.0 0.0 0.0 0.0 0.0 0.0 0.0 0.0 0.0 0.0 0.0 0.0 0.0 0.0 0.0 0.0 0.0 0.0 0.0 0.0 0.0 0.0 0.0 0.0 0.0 0.0 0.0
1.598066094097345 1.598066094097345 1.598066094097345 1.598066094097345 1.598066094097345 0.0 0.0 0.0 0.0 0.0 0.0 0.0 0.0 0.0 0.0 0.0 0.0 0.0 0.0 0.0 0.0 0.0 0.0 0.0 0.0 0.0 0.0 0.0 0.0 0.0 0.0 0.0 0.0 0.0 0.0 0.0 0.0 0.0 0.0 0.0 0.0 0.0 0.0 0.0 0.0 0.0 0.0 0.0 0.0 0.0 0.0 0.0 0.0 0.0 0.0 0.0 0.0 0.0 0.0 0.0 0.0 0.0
1.598066094097345 1.598066094097345 1.598066094097345 1.598066094097345 1.598066094097345 0.0 0.0 0.0 0.0 0.0 0.0 0.0 0.0 0.0 0.0 0.0 0.0 0.0 0.0 0.0 0.0 0.0 0.0 0.0 0.0 0.0 0.0 0.0 0.0 0.0 0.0 0.0 0.0 0.0 0.0 0.0 0.0 0.0 0.0 0.0 0.0 0.0 0.0 0.0 0.0 0.0 0.0 0.0 0.0 0.0 0.0 0.0 0.0 0.0 0.0 0.0 0.0 0.0 0.0 0.0 0.0 0.0
1.6021326192322551 1.6021326192322551 1.6021326192322551 1.6021326192322551 1.6021326192322551 1.5860517206861193 1.5860517206861193 1.5860517206861193 1.5860517206861193 1.5860517206861193 1.5860517206861193 1.6019350393278484 1.6019350393278484 1.6019350393278484 1.6019350393278484 1.6019350393278484 1.6019350393278484 1.6019350393278484 1.6114906602298942 1.6114906602298942 1.6114906602298942 1.6114906602298942 1.6114906602298942 1.6114906602298942 1.6114906602298942 1.5968776608171196 1.5968776608171196 1.5968776608171196 1.5968776608171196 1.5968776608171196 1.5968776608171196 1.5822811543918573 1.5822811543918573 1.5822811543918573 1.5822811543918573 1.5822811543918573 1.5822811543918573 1.5822811543918573 1.5855134350949278 1.5855134350949278 1.5855134350949278 1.5855134350949278 1.5855134350949278 1.5855134350949278 0.0 0.0 0.0 0.0 0.0 0.0 0.0 0.0 0.0 0.0 0.0 0.0 0.0 0.0 0.0 0.0 0.0 0.0
1.6021326192322551 1.6021326192322551 1.6021326192322551 1.6021326192322551 1.6021326192322551 1.5860517206861193 1.5860517206861193 1.5860517206861193 1.5860517206861193 1.5860517206861193 1.5860517206861193 1.6019350393278484 1.6019350393278484 1.6019350393278484 1.6019350393278484 1.6019350393278484 1.6019350393278484 1.6019350393278484 1.6114906602298942 1.6114906602298942 1.6114906602298942 1.6114906602298942 1.6114906602298942 1.6114906602298942 1.6114906602298942 1.5968776608171196 1.5968776608171196 1.5968776608171196 1.5968776608171196 1.5968776608171196 1.5968776608171196 1.5822811543918573 1.5822811543918573 1.5822811543918573 1.5822811543918573 1.5822811543918573 1.5822811543918573 1.5822811543918573 1.5855134350949278 1.5855134350949278 1.5855134350949278 1.5855134350949278 1.5855134350949278 1.5855134350949278 0.0 0.0 0.0 0.0 0.0 0.0 0.0 0.0 0.0 0.0 0.0 0.0 0.0 0.0 0.0 0.0 0.0 0.0
1.6021326192322551 1.6021326192322551 1.6021326192322551 1.6021326192322551 1.6021326192322551 1.5860517206861193 1.5860517206861193 1.5860517206861193 1.5860517206861193 1.5860517206861193 1.5860517206861193 1.6019350393278484 1.6019350393278484 1.6019350393278484 1.6019350393278484 1.6019350393278484 1.6019350393278484 1.6019350393278484 1.6114906602298942 1.6114906602298942 1.6114906602298942 1.6114906602298942 1.6114906602298942 1.6114906602298942 1.6114906602298942 1.5968776608171196 1.5968776608171196 1.5968776608171196 1.5968776608171196 1.5968776608171196 1.5968776608171196 1.5822811543918573 1.5822811543918573 1.5822811543918573 1.5822811543918573 1.5822811543918573 1.5822811543918573 1.5822811543918573 1.5855134350949278 1.5855134350949278 1.5855134350949278 1.5855134350949278 1.5855134350949278 1.5855134350949278 0.0 0.0 0.0 0.0 0.0 0.0 0.0 0.0 0.0 0.0 0.0 0.0 0.0 0.0 0.0 0.0 0.0 0.0
1.6021326192322551 1.6021326192322551 1.6021326192322551 1.6021326192322551 1.6021326192322551 1.5860517206861193 1.5860517206861193 1.5860517206861193 1.5860517206861193 1.5860517206861193 1.5860517206861193 1.6019350393278484 1.6019350393278484 1.6019350393278484 1.6019350393278484 1.6019350393278484 1.6019350393278484 1.6019350393278484 1.6114906602298942 1.6114906602298942 1.6114906602298942 1.6114906602298942 1.6114906602298942 1.6114906602298942 1.6114906602298942 1.5968776608171196 1.5968776608171196 1.5968776608171196 1.5968776608171196 1.5968776608171196 1.5968776608171196 1.5822811543918573 1.5822811543918573 1.5822811543918573 1.5822811543918573 1.5822811543918573 1.5822811543918573 1.5822811543918573 1.5855134350949278 1.5855134350949278 1.5855134350949278 1.5855134350949278 1.5855134350949278 1.5855134350949278 0.0 0.0 0.0 0.0 0.0 0.0 0.0 0.0 0.0 0.0 0.0 0.0 0.0 0.0 0.0 0.0 0.0 0.0
1.6021326192322551 1.6021326192322551 1.6021326192322551 1.6021326192322551 1.6021326192322551 1.5860517206861193 1.5860517206861193 1.5860517206861193 1.5860517206861193 1.5860517206861193 1.5860517206861193 1.6019350393278484 1.6019350393278484 1.6019350393278484 1.6019350393278484 1.6019350393278484 1.6019350393278484 1.6019350393278484 1.6114906602298942 1.6114906602298942 1.6114906602298942 1.6114906602298942 1.6114906602298942 1.6114906602298942 1.6114906602298942 1.5968776608171196 1.5968776608171196 1.5968776608171196 1.5968776608171196 1.5968776608171196 1.5968776608171196 1.5822811543918573 1.5822811543918573 1.5822811543918573 1.5822811543918573 1.5822811543918573 1.5822811543918573 1.5822811543918573 1.5855134350949278 1.5855134350949278 1.5855134350949278 1.5855134350949278 1.5855134350949278 1.5855134350949278 0.0 0.0 0.0 0.0 0.0 0.0 0.0 0.0 0.0 0.0 0.0 0.0 0.0 0.0 0.0 0.0 0.0 0.0
1.6021326192322551 1.6021326192322551 1.6021326192322551 1.6021326192322551 1.6021326192322551 1.5860517206861193 1.5860517206861193 1.5860517206861193 1.5860517206861193 1.5860517206861193 1.5860517206861193 1.6019350393278484 1.6019350393278484 1.6019350393278484 1.6019350393278484 1.6019350393278484 1.6019350393278484 1.6019350393278484 1.6114906602298942 1.6114906602298942 1.6114906602298942 1.6114906602298942 1.6114906602298942 1.6114906602298942 1.6114906602298942 1.5968776608171196 1.5968776608171196 1.5968776608171196 1.5968776608171196 1.5968776608171196 1.5968776608171196 1.5822811543918573 1.5822811543918573 1.5822811543918573 1.5822811543918573 1.5822811543918573 1.5822811543918573 1.5822811543918573 1.5855134350949278 1.5855134350949278 1.5855134350949278 1.5855134350949278 1.5855134350949278 1.5855134350949278 0.0 0.0 0.0 0.0 0.0 0.0 0.0 0.0 0.0 0.0 0.0 0.0 0.0 0.0 0.0 0.0 0.0 0.0
1.6308106202335406 1.6308106202335406 1.6308106202335406 1.6308106202335406 1.6308106202335406 1.5827696072393338 1.5827696072393338 1.5827696072393338 1.5827696072393338 1.5827696072393338 1.5827696072393338 1.6060284398418259 1.6060284398418259 1.6060284398418259 1.6060284398418259 1.6060284398418259 1.6060284398418259 1.6060284398418259 1.6225224176865913 1.6225224176865913 1.6225224176865913 1.6225224176865913 1.6225224176865913 1.6225224176865913 1.6225224176865913 1.5725921068974615 1.5725921068974615 1.5725921068974615 1.5725921068974615 1.5725921068974615 1.5725921068974615 1.6057712849010572 1.6057712849010572 1.6057712849010572 1.6057712849010572 1.6057712849010572 1.6057712849010572 1.6057712849010572 1.6113258338529695 1.6113258338529695 1.6113258338529695 1.6113258338529695 1.6113258338529695 1.6113258338529695 1.5973899748971117 1.5973899748971117 1.5973899748971117 1.5973899748971117 1.5973899748971117 1.5973899748971117 1.5973899748971117 1.6210523387796498 1.6210523387796498 1.6210523387796498 1.6210523387796498 1.6210523387796498 1.6210523387796498 1.6224336528555314 1.6224336528555314 1.6224336528555314 1.6224336528555314 1.6224336528555314
1.6308106202335406 1.6308106202335406 1.6308106202335406 1.6308106202335406 1.6308106202335406 1.5827696072393338 1.5827696072393338 1.5827696072393338 1.5827696072393338 1.5827696072393338 1.5827696072393338 1.6060284398418259 1.6060284398418259 1.6060284398418259 1.6060284398418259 1.6060284398418259 1.6060284398418259 1.6060284398418259 1.6225224176865913 1.6225224176865913 1.6225224176865913 1.6225224176865913 1.6225224176865913 1.6225224176865913 1.6225224176865913 1.5725921068974615 1.5725921068974615 1.5725921068974615 1.5725921068974615 1.5725921068974615 1.5725921068974615 1.6057712849010572 1.6057712849010572 1.6057712849010572 1.6057712849010572 1.6057712849010572 1.6057712849010572 1.6057712849010572 1.6113258338529695 1.6113258338529695 1.6113258338529695 1.6113258338529695 1.6113258338529695 1.6113258338529695 1.5973899748971117 1.5973899748971117 1.5973899748971117 1.5973899748971117 1.5973899748971117 1.5973899748971117 1.5973899748971117 1.6210523387796498 1.6210523387796498 1.6210523387796498 1.6210523387796498 1.6210523387796498 1.6210523387796498 1.6224336528555314 1.6224336528555314 1.6224336528555314 1.6224336528555314 1.6224336528555314
1.6308106202335406 1.6308106202335406 1.6308106202335406 1.6308106202335406 1.6308106202335406 1.5827696072393338 1.5827696072393338 1.5827696072393338 1.5827696072393338 1.5827696072393338 1.5827696072393338 1.6060284398418259 1.6060284398418259 1.6060284398418259 1.6060284398418259 1.6060284398418259 1.6060284398418259 1.6060284398418259 1.6225224176865913 1.6225224176865913 1.6225224176865913 1.6225224176865913 1.6225224176865913 1.6225224176865913 1.6225224176865913 1.5725921068974615 1.5725921068974615 1.5725921068974615 1.5725921068974615 1.5725921068974615 1.5725921068974615 1.6057712849010572 1.6057712849010572 1.6057712849010572 1.6057712849010572 1.6057712849010572 1.6057712849010572 1.6057712849010572 1.6113258338529695 1.6113258338529695 1.6113258338529695 1.6113258338529695 1.6113258338529695 1.6113258338529695 1.5973899748971117 1.5973899748971117 1.5973899748971117 1.5973899748971117 1.5973899748971117 1.5973899748971117 1.5973899748971117 1.6210523387796498 1.6210523387796498 1.6210523387796498 1.6210523387796498 1.6210523387796498 1.6210523387796498 1.6224336528555314 1.6224336528555314 1.6224336528555314 1.6224336528555314 1.6224336528555314
1.6308106202335406 1.6308106202335406 1.6308106202335406 1.6308106202335406 1.6308106202335406 1.5827696072393338 1.5827696072393338 1.5827696072393338 1.5827696072393338 1.5827696072393338 1.5827696072393338 1.6060284398418259 1.6060284398418259 1.6060284398418259 1.6060284398418259 1.6060284398418259 1.6060284398418259 1.6060284398418259 1.6225224176865913 1.6225224176865913 1.6225224176865913 1.6225224176865913 1.6225224176865913 1.6225224176865913 1.6225224176865913 1.5725921068974615 1.5725921068974615 1.5725921068974615 1.5725921068974615 1.5725921068974615 1.5725921068974615 1.6057712849010572 1.6057712849010572 1.6057712849010572 1.6057712849010572 1.6057712849010572 1.6057712849010572 1.6057712849010572 1.6113258338529695 1.6113258338529695 1.6113258338529695 1.6113258338529695 1.6113258338529695 1.6113258338529695 1.5973899748971117 1.5973899748971117 1.5973899748971117 1.5973899748971117 1.5973899748971117 1.5973899748971117 1.5973899748971117 1.6210523387796498 1.6210523387796498 1.6210523387796498 1.6210523387796498 1.6210523387796498 1.6210523387796498 1.6224336528555314 1.6224336528555314 1.6224336528555314 1.6224336528555314 1.6224336528555314
1.6308106202335406 1.6308106202335406 1.6308106202335406 1.6308106202335406 1.6308106202335406 1.5827696072393338 1.5827696072393338 1.5827696072393338 1.5827696072393338 1.5827696072393338 1.5827696072393338 1.6060284398418259 1.6060284398418259 1.6060284398418259 1.6060284398418259 1.6060284398418259 1.6060284398418259 1.6060284398418259 1.6225224176865913 1.6225224176865913 1.6225224176865913 1.6225224176865913 1.6225224176865913 1.6225224176865913 1.6225224176865913 1.5725921068974615 1.5725921068974615 1.5725921068974615 1.5725921068974615 1.5725921068974615 1.5725921068974615 1.6057712849010572 1.6057712849010572 1.6057712849010572 1.6057712849010572 1.6057712849010572 1.6057712849010572 1.6057712849010572 1.6113258338529695 1.6113258338529695 1.6113258338529695 1.6113258338529695 1.6113258338529695 1.6113258338529695 1.5973899748971117 1.5973899748971117 1.5973899748971117 1.5973899748971117 1.5973899748971117 1.5973899748971117 1.5973899748971117 1.6210523387796498 1.6210523387796498 1.6210523387796498 1.6210523387796498 1.6210523387796498 1.6210523387796498 1.6224336528555314 1.6224336528555314 1.6224336528555314 1.6224336528555314 1.6224336528555314
1.6308106202335406 1.6308106202335406 1.6308106202335406 1.6308106202335406 1.6308106202335406 1.5827696072393338 1.5827696072393338 1.5827696072393338 1.5827696072393338 1.5827696072393338 1.5827696072393338 1.6060284398418259 1.6060284398418259 1.6060284398418259 1.6060284398418259 1.6060284398418259 1.6060284398418259 1.6060284398418259 1.6225224176865913 1.6225224176865913 1.6225224176865913 1.6225224176865913 1.6225224176865913 1.6225224176865913 1.6225224176865913 1.5725921068974615 1.5725921068974615 1.5725921068974615 1.5725921068974615 1.5725921068974615 1.5725921068974615 1.6057712849010572 1.6057712849010572 1.6057712849010572 1.6057712849010572 1.6057712849010572 1.6057712849010572 1.6057712849010572 1.6113258338529695 1.6113258338529695 1.6113258338529695 1.6113258338529695 1.6113258338529695 1.6113258338529695 1.5973899748971117 1.5973899748971117 1.5973899748971117 1.5973899748971117 1.5973899748971117 1.5973899748971117 1.5973899748971117 1.6210523387796498 1.6210523387796498 1.6210523387796498 1.6210523387796498 1.6210523387796498 1.6210523387796498 1.6224336528555314 1.6224336528555314 1.6224336528555314 1.6224336528555314 1.6224336528555314
1.6308106202335406 1.6308106202335406 1.6308106202335406 1.6308106202335406 1.6308106202335406 1.5827696072393338 1.5827696072393338 1.5827696072393338 1.5827696072393338 1.5827696072393338 1.5827696072393338 1.6060284398418259 1.6060284398418259 1.6060284398418259 1.6060284398418259 1.6060284398418259 1.6060284398418259 1.6060284398418259 1.6225224176865913 1.6225224176865913 1.6225224176865913 1.6225224176865913 1.6225224176865913 1.6225224176865913 1.6225224176865913 1.5725921068974615 1.5725921068974615 1.5725921068974615 1.5725921068974615 1.5725921068974615 1.5725921068974615 1.6057712849010572 1.6057712849010572 1.6057712849010572 1.6057712849010572 1.6057712849010572 1.6057712849010572 1.6057712849010572 1.6113258338529695 1.6113258338529695 1.6113258338529695 1.6113258338529695 1.6113258338529695 1.6113258338529695 1.5973899748971117 1.5973899748971117 1.5973899748971117 1.5973899748971117 1.5973899748971117 1.5973899748971117 1.5973899748971117 1.6210523387796498 1.6210523387796498 1.6210523387796498 1.6210523387796498 1.6210523387796498 1.6210523387796498 1.6224336528555314 1.6224336528555314 1.6224336528555314 1.6224336528555314 1.6224336528555314
1.6308106202335406 1.6308106202335406 1.6308106202335406 1.6308106202335406 1.6308106202335406 1.563374016738407 1.563374016738407 1.563374016738407 1.563374016738407 1.563374016738407 1.563374016738407 1.592178824639053 1.592178824639053 1.592178824639053 1.592178824639053 1.592178824639053 1.592178824639053 1.592178824639053 1.563006744185239 1.563006744185239 1.563006744185239 1.563006744185239 1.563006744185239 1.563006744185239 1.563006744185239 1.596825655238353 1.596825655238353 1.596825655238353 1.596825655238353 1.596825655238353 1.596825655238353 1.6211023214022857 1.6211023214022857 1.6211023214022857 1.6211023214022857 1.6211023214022857 1.6211023214022857 1.6211023214022857 1.6194839533407817 1.6194839533407817 1.6194839533407817 1.6194839533407817 1.6194839533407817 1.6194839533407817 1.6113831424962044 1.6113831424962044 1.6113831424962044 1.6113831424962044 1.6113831424962044 1.6113831424962044 1.6113831424962044 1.5400437243529725 1.5400437243529725 1.5400437243529725 1.5400437243529725 1.5400437243529725 1.5400437243529725 1.5918444003708276 1.5918444003708276 1.5918444003708276 1.5918444003708276 1.5918444003708276
1.6308106202335406 1.6308106202335406 1.6308106202335406 1.6308106202335406 1.6308106202335406 1.563374016738407 1.563374016738407 1.563374016738407 1.563374016738407 1.563374016738407 1.563374016738407 1.592178824639053 1.592178824639053 1.592178824639053 1.592178824639053 1.592178824639053 1.592178824639053 1.592178824639053 1.563006744185239 1.563006744185239 1.563006744185239 1.563006744185239 1.563006744185239 1.563006744185239 1.563006744185239 1.596825655238353 1.596825655238353 1.596825655238353 1.596825655238353 1.596825655238353 1.596825655238353 1.6211023214022857 1.6211023214022857 1.6211023214022857 1.6211023214022857 1.6211023214022857 1.6211023214022857 1.6211023214022857 1.6194839533407817 1.6194839533407817 1.6194839533407817 1.6194839533407817 1.6194839533407817 1.6194839533407817 1.6113831424962044 1.6113831424962044 1.6113831424962044 1.6113831424962044 1.6113831424962044 1.6113831424962044 1.6113831424962044 1.5400437243529725 1.5400437243529725 1.5400437243529725 1.5400437243529725 1.5400437243529725 1.5400437243529725 1.5918444003708276 1.5918444003708276 1.5918444003708276 1.5918444003708276 1.5918444003708276
1.6308106202335406 1.6308106202335406 1.6308106202335406 1.6308106202335406 1.6308106202335406 1.563374016738407 1.563374016738407 1.563374016738407 1.563374016738407 1.563374016738407 1.563374016738407 1.592178824639053 1.592178824639053 1.592178824639053 1.592178824639053 1.592178824639053 1.592178824639053 1.592178824639053 1.563006744185239 1.563006744185239 1.563006744185239 1.563006744185239 1.563006744185239 1.563006744185239 1.563006744185239 1.596825655238353 1.596825655238353 1.596825655238353 1.596825655238353 1.596825655238353 1.596825655238353 1.6211023214022857 1.6211023214022857 1.6211023214022857 1.6211023214022857 1.6211023214022857 1.6211023214022857 1.6211023214022857 1.6194839533407817 1.6194839533407817 1.6194839533407817 1.6194839533407817 1.6194839533407817 1.6194839533407817 1.6113831424962044 1.6113831424962044 1.6113831424962044 1.6113831424962044 1.6113831424962044 1.6113831424962044 1.6113831424962044 1.5400437243529725 1.5400437243529725 1.5400437243529725 1.5400437243529725 1.5400437243529725 1.5400437243529725 1.5918444003708276 1.5918444003708276 1.5918444003708276 1.5918444003708276 1.5918444003708276
1.6308106202335406 1.6308106202335406 1.6308106202335406 1.6308106202335406 1.6308106202335406 1.563374016738407 1.563374016738407 1.563374016738407 1.563374016738407 1.563374016738407 1.563374016738407 1.592178824639053 1.592178824639053 1.592178824639053 1.592178824639053 1.592178824639053 1.592178824639053 1.592178824639053 1.563006744185239 1.563006744185239 1.563006744185239 1.563006744185239 1.563006744185239 1.563006744185239 1.563006744185239 1.596825655238353 1.596825655238353 1.596825655238353 1.596825655238353 1.596825655238353 1.596825655238353 1.6211023214022857 1.6211023214022857 1.6211023214022857 1.6211023214022857 1.6211023214022857 1.6211023214022857 1.6211023214022857 1.6194839533407817 1.6194839533407817 1.6194839533407817 1.6194839533407817 1.6194839533407817 1.6194839533407817 1.6113831424962044 1.6113831424962044 1.6113831424962044 1.6113831424962044 1.6113831424962044 1.6113831424962044 1.6113831424962044 1.5400437243529725 1.5400437243529725 1.5400437243529725 1.5400437243529725 1.5400437243529725 1.5400437243529725 1.5918444003708276 1.5918444003708276 1.5918444003708276 1.5918444003708276 1.5918444003708276
1.6308106202335406 1.6308106202335406 1.6308106202335406 1.6308106202335406 1.6308106202335406 1.563374016738407 1.563374016738407 1.563374016738407 1.563374016738407 1.563374016738407 1.563374016738407 1.592178824639053 1.592178824639053 1.592178824639053 1.592178824639053 1.592178824639053 1.592178824639053 1.592178824639053 1.563006744185239 1.563006744185239 1.563006744185239 1.563006744185239 1.563006744185239 1.563006744185239 1.563006744185239 1.596825655238353 1.596825655238353 1.596825655238353 1.596825655238353 1.596825655238353 1.596825655238353 1.6211023214022857 1.6211023214022857 1.6211023214022857 1.6211023214022857 1.6211023214022857 1.6211023214022857 1.6211023214022857 1.6194839533407817 1.6194839533407817 1.6194839533407817 1.6194839533407817 1.6194839533407817 1.6194839533407817 1.6113831424962044 1.6113831424962044 1.6113831424962044 1.6113831424962044 1.6113831424962044 1.6113831424962044 1.6113831424962044 1.5400437243529725 1.5400437243529725 1.5400437243529725 1.5400437243529725 1.5400437243529725 1.5400437243529725 1.5918444003708276 1.5918444003708276 1.5918444003708276 1.5918444003708276 1.5918444003708276
1.6308106202335406 1.6308106202335406 1.6308106202335406 1.6308106202335406 1.6308106202335406 1.563374016738407 1.563374016738407 1.563374016738407 1.563374016738407 1.563374016738407 1.563374016738407 1.592178824639053 1.592178824639053 1.592178824639053 1.592178824639053 1.592178824639053 1.592178824639053 1.592178824639053 1.563006744185239 1.563006744185239 1.563006744185239 1.563006744185239 1.563006744185239 1.563006744185239 1.563006744185239 1.596825655238353 1.596825655238353 1.596825655238353 1.596825655238353 1.596825655238353 1.596825655238353 1.6211023214022857 1.6211023214022857 1.6211023214022857 1.6211023214022857 1.6211023214022857 1.6211023214022857 1.6211023214022857 1.6194839533407817 1.6194839533407817 1.6194839533407817 1.6194839533407817 1.6194839533407817 1.6194839533407817 1.6113831424962044 1.6113831424962044 1.6113831424962044 1.6113831424962044 1.6113831424962044 1.6113831424962044 1.6113831424962044 1.5400437243529725 1.5400437243529725 1.5400437243529725 1.5400437243529725 1.5400437243529725 1.5400437243529725 1.5918444003708276 1.5918444003708276 1.5918444003708276 1.5918444003708276 1.5918444003708276
1.6308106202335406 1.6308106202335406 1.6308106202335406 1.6308106202335406 1.6308106202335406 1.5921560347552313 1.5921560347552313 1.5921560347552313 1.5921560347552313 1.5921560347552313 1.5921560347552313 1.6142101298672682 1.6142101298672682 1.6142101298672682 1.6142101298672682 1.6142101298672682 1.6142101298672682 1.6142101298672682 1.6142092710849685 1.6142092710849685 1.6142092710849685 1.6142092710849685 1.6142092710849685 1.6142092710849685 1.6142092710849685 1.611461316698543 1.611461316698543 1.611461316698543 1.611461316698543 1.611461316698543 1.611461316698543 1.564484262332551 1.564484262332551 1.564484262332551 1.564484262332551 1.564484262332551 1.564484262332551 1.564484262332551 1.5921189145881023 1.5921189145881023 1.5921189145881023 1.5921189145881023 1.5921189145881023 1.5921189145881023 1.6225141776242638 1.6225141776242638 1.6225141776242638 1.6225141776242638 1.6225141776242638 1.6225141776242638 1.6225141776242638 1.5726550246736168 1.5726550246736168 1.5726550246736168 1.5726550246736168 1.5726550246736168 1.5726550246736168 1.6058375267058367 1.6058375267058367 1.6058375267058367 1.6058375267058367 1.6058375267058367
